R_V1_ROI
1 209 252 14 255
R_MST_ROI
2 16 170 126 255
R_V6_ROI
3 24 149 233 255
R_V2_ROI
4 184 99 120 255
R_V3_ROI
5 61 0 193 255
R_V4_ROI
6 215 250 207 255
R_V8_ROI
7 29 158 120 255
R_4_ROI
8 58 196 170 255
R_3b_ROI
9 27 195 217 255
R_FEF_ROI
10 148 188 112 255
R_PEF_ROI
11 172 7 202 255
R_55b_ROI
12 241 115 145 255
R_V3A_ROI
13 47 144 36 255
R_RSC_ROI
14 4 5 222 255
R_POS2_ROI
15 23 119 99 255
R_V7_ROI
16 236 194 121 255
R_IPS1_ROI
17 179 221 106 255
R_FFC_ROI
18 251 8 150 255
R_V3B_ROI
19 56 205 196 255
R_LO1_ROI
20 225 131 6 255
R_LO2_ROI
21 217 142 152 255
R_PIT_ROI
22 151 112 215 255
R_MT_ROI
23 162 116 158 255
R_A1_ROI
24 168 207 30 255
R_PSL_ROI
25 126 240 93 255
R_SFL_ROI
26 109 98 127 255
R_PCV_ROI
27 200 39 91 255
R_STV_ROI
28 50 42 164 255
R_7Pm_ROI
29 189 104 84 255
R_7m_ROI
30 198 152 64 255
R_POS1_ROI
31 90 119 73 255
R_23d_ROI
32 11 7 38 255
R_v23ab_ROI
33 5 253 172 255
R_d23ab_ROI
34 14 243 219 255
R_31pv_ROI
35 164 120 205 255
R_5m_ROI
36 247 249 214 255
R_5mv_ROI
37 30 223 196 255
R_23c_ROI
38 191 85 196 255
R_5L_ROI
39 221 183 20 255
R_24dd_ROI
40 169 247 114 255
R_24dv_ROI
41 198 208 109 255
R_7AL_ROI
42 100 231 114 255
R_SCEF_ROI
43 146 148 92 255
R_6ma_ROI
44 64 232 167 255
R_7Am_ROI
45 137 249 28 255
R_7PL_ROI
46 206 87 218 255
R_7PC_ROI
47 240 187 0 255
R_LIPv_ROI
48 214 255 227 255
R_VIP_ROI
49 58 173 157 255
R_MIP_ROI
50 202 210 190 255
R_1_ROI
51 160 164 86 255
R_2_ROI
52 68 253 95 255
R_3a_ROI
53 85 111 212 255
R_6d_ROI
54 223 229 99 255
R_6mp_ROI
55 123 192 24 255
R_6v_ROI
56 16 149 57 255
R_p24pr_ROI
57 224 110 121 255
R_33pr_ROI
58 253 217 202 255
R_a24pr_ROI
59 28 23 153 255
R_p32pr_ROI
60 247 250 3 255
R_a24_ROI
61 37 177 122 255
R_d32_ROI
62 5 0 254 255
R_8BM_ROI
63 81 171 145 255
R_p32_ROI
64 54 156 18 255
R_10r_ROI
65 68 141 193 255
R_47m_ROI
66 196 77 129 255
R_8Av_ROI
67 128 232 24 255
R_8Ad_ROI
68 156 20 151 255
R_9m_ROI
69 231 39 60 255
R_8BL_ROI
70 111 49 183 255
R_9p_ROI
71 28 87 119 255
R_10d_ROI
72 96 181 49 255
R_8C_ROI
73 28 251 234 255
R_44_ROI
74 239 189 241 255
R_45_ROI
75 243 154 174 255
R_47l_ROI
76 203 255 224 255
R_a47r_ROI
77 93 194 155 255
R_6r_ROI
78 88 175 202 255
R_IFJa_ROI
79 81 47 37 255
R_IFJp_ROI
80 85 79 153 255
R_IFSp_ROI
81 179 245 135 255
R_IFSa_ROI
82 95 237 34 255
R_p9-46v_ROI
83 183 55 23 255
R_46_ROI
84 41 250 35 255
R_a9-46v_ROI
85 214 74 161 255
R_9-46d_ROI
86 141 79 37 255
R_9a_ROI
87 163 198 217 255
R_10v_ROI
88 171 112 138 255
R_a10p_ROI
89 125 30 39 255
R_10pp_ROI
90 169 233 162 255
R_11l_ROI
91 213 249 161 255
R_13l_ROI
92 212 66 198 255
R_OFC_ROI
93 22 114 223 255
R_47s_ROI
94 63 42 202 255
R_LIPd_ROI
95 72 165 62 255
R_6a_ROI
96 88 175 188 255
R_i6-8_ROI
97 41 92 41 255
R_s6-8_ROI
98 151 129 172 255
R_43_ROI
99 241 232 193 255
R_OP4_ROI
100 64 17 209 255
R_OP1_ROI
101 158 170 98 255
R_OP2-3_ROI
102 85 60 11 255
R_52_ROI
103 220 210 191 255
R_RI_ROI
104 63 46 104 255
R_PFcm_ROI
105 193 116 11 255
R_PoI2_ROI
106 55 72 207 255
R_TA2_ROI
107 244 14 157 255
R_FOP4_ROI
108 137 175 19 255
R_MI_ROI
109 15 207 31 255
R_Pir_ROI
110 207 171 83 255
R_AVI_ROI
111 17 149 20 255
R_AAIC_ROI
112 139 138 101 255
R_FOP1_ROI
113 216 178 222 255
R_FOP3_ROI
114 128 232 75 255
R_FOP2_ROI
115 247 219 81 255
R_PFt_ROI
116 147 204 211 255
R_AIP_ROI
117 144 27 242 255
R_EC_ROI
118 107 133 24 255
R_PreS_ROI
119 48 38 30 255
R_H_ROI
120 248 150 111 255
R_ProS_ROI
121 223 13 94 255
R_PeEc_ROI
122 136 249 5 255
R_STGa_ROI
123 220 100 118 255
R_PBelt_ROI
124 133 153 170 255
R_A5_ROI
125 141 15 83 255
R_PHA1_ROI
126 158 108 243 255
R_PHA3_ROI
127 152 59 89 255
R_STSda_ROI
128 189 17 5 255
R_STSdp_ROI
129 233 73 61 255
R_STSvp_ROI
130 184 102 12 255
R_TGd_ROI
131 192 189 132 255
R_TE1a_ROI
132 125 54 86 255
R_TE1p_ROI
133 195 48 224 255
R_TE2a_ROI
134 22 118 209 255
R_TF_ROI
135 183 110 104 255
R_TE2p_ROI
136 173 72 116 255
R_PHT_ROI
137 61 119 142 255
R_PH_ROI
138 128 153 130 255
R_TPOJ1_ROI
139 164 159 252 255
R_TPOJ2_ROI
140 145 171 119 255
R_TPOJ3_ROI
141 128 4 181 255
R_DVT_ROI
142 93 1 193 255
R_PGp_ROI
143 50 21 31 255
R_IP2_ROI
144 123 176 145 255
R_IP1_ROI
145 255 123 8 255
R_IP0_ROI
146 171 240 34 255
R_PFop_ROI
147 117 241 212 255
R_PF_ROI
148 235 220 172 255
R_PFm_ROI
149 214 110 62 255
R_PGi_ROI
150 80 25 185 255
R_PGs_ROI
151 216 97 202 255
R_V6A_ROI
152 240 97 20 255
R_VMV1_ROI
153 178 242 240 255
R_VMV3_ROI
154 82 24 212 255
R_PHA2_ROI
155 120 211 126 255
R_V4t_ROI
156 251 131 125 255
R_FST_ROI
157 208 60 167 255
R_V3CD_ROI
158 94 81 99 255
R_LO3_ROI
159 102 35 205 255
R_VMV2_ROI
160 139 113 112 255
R_31pd_ROI
161 232 227 233 255
R_31a_ROI
162 145 104 37 255
R_VVC_ROI
163 34 144 13 255
R_25_ROI
164 178 220 9 255
R_s32_ROI
165 226 11 237 255
R_pOFC_ROI
166 35 92 0 255
R_PoI1_ROI
167 13 152 137 255
R_Ig_ROI
168 41 43 20 255
R_FOP5_ROI
169 216 0 43 255
R_p10p_ROI
170 202 1 86 255
R_p47r_ROI
171 25 23 238 255
R_TGv_ROI
172 44 51 195 255
R_MBelt_ROI
173 97 167 112 255
R_LBelt_ROI
174 126 4 36 255
R_A4_ROI
175 85 102 91 255
R_STSva_ROI
176 250 66 55 255
R_TE1m_ROI
177 241 136 147 255
R_PI_ROI
178 98 93 37 255
R_a32pr_ROI
179 156 26 90 255
R_p24_ROI
180 120 99 29 255
L_V1_ROI
181 35 64 64 255
L_MST_ROI
182 172 197 242 255
L_V6_ROI
183 59 127 55 255
L_V2_ROI
184 253 52 201 255
L_V3_ROI
185 197 65 230 255
L_V4_ROI
186 174 7 197 255
L_V8_ROI
187 67 144 99 255
L_4_ROI
188 100 51 100 255
L_3b_ROI
189 25 159 69 255
L_FEF_ROI
190 106 83 176 255
L_PEF_ROI
191 45 3 5 255
L_55b_ROI
192 75 211 78 255
L_V3A_ROI
193 208 194 31 255
L_RSC_ROI
194 206 68 165 255
L_POS2_ROI
195 67 237 222 255
L_V7_ROI
196 37 88 95 255
L_IPS1_ROI
197 64 22 43 255
L_FFC_ROI
198 92 153 145 255
L_V3B_ROI
199 136 11 47 255
L_LO1_ROI
200 170 65 76 255
L_LO2_ROI
201 217 189 233 255
L_PIT_ROI
202 21 22 106 255
L_MT_ROI
203 82 66 39 255
L_A1_ROI
204 234 106 34 255
L_PSL_ROI
205 122 94 36 255
L_SFL_ROI
206 72 159 241 255
L_PCV_ROI
207 151 99 231 255
L_STV_ROI
208 178 147 7 255
L_7Pm_ROI
209 77 201 2 255
L_7m_ROI
210 46 162 23 255
L_POS1_ROI
211 112 205 22 255
L_23d_ROI
212 236 238 115 255
L_v23ab_ROI
213 63 19 14 255
L_d23ab_ROI
214 19 143 1 255
L_31pv_ROI
215 97 80 190 255
L_5m_ROI
216 18 27 164 255
L_5mv_ROI
217 211 206 12 255
L_23c_ROI
218 134 140 48 255
L_5L_ROI
219 95 88 0 255
L_24dd_ROI
220 79 15 87 255
L_24dv_ROI
221 92 194 182 255
L_7AL_ROI
222 174 11 146 255
L_SCEF_ROI
223 26 32 106 255
L_6ma_ROI
224 82 206 2 255
L_7Am_ROI
225 124 128 212 255
L_7PL_ROI
226 95 54 102 255
L_7PC_ROI
227 146 13 10 255
L_LIPv_ROI
228 201 182 27 255
L_VIP_ROI
229 255 164 68 255
L_MIP_ROI
230 222 144 26 255
L_1_ROI
231 230 166 72 255
L_2_ROI
232 226 181 163 255
L_3a_ROI
233 204 254 253 255
L_6d_ROI
234 198 74 9 255
L_6mp_ROI
235 77 180 253 255
L_6v_ROI
236 12 222 8 255
L_p24pr_ROI
237 71 65 59 255
L_33pr_ROI
238 82 79 104 255
L_a24pr_ROI
239 125 187 230 255
L_p32pr_ROI
240 225 75 7 255
L_a24_ROI
241 162 208 39 255
L_d32_ROI
242 86 220 166 255
L_8BM_ROI
243 0 178 79 255
L_p32_ROI
244 40 232 195 255
L_10r_ROI
245 51 238 193 255
L_47m_ROI
246 176 12 250 255
L_8Av_ROI
247 160 10 169 255
L_8Ad_ROI
248 150 27 124 255
L_9m_ROI
249 234 160 185 255
L_8BL_ROI
250 139 140 206 255
L_9p_ROI
251 235 233 62 255
L_10d_ROI
252 23 75 94 255
L_8C_ROI
253 79 175 223 255
L_44_ROI
254 153 123 229 255
L_45_ROI
255 109 95 54 255
L_47l_ROI
256 209 104 66 255
L_a47r_ROI
257 19 45 35 255
L_6r_ROI
258 144 148 12 255
L_IFJa_ROI
259 41 207 223 255
L_IFJp_ROI
260 44 118 179 255
L_IFSp_ROI
261 60 229 2 255
L_IFSa_ROI
262 37 22 179 255
L_p9-46v_ROI
263 207 185 222 255
L_46_ROI
264 66 101 254 255
L_a9-46v_ROI
265 207 66 242 255
L_9-46d_ROI
266 223 230 227 255
L_9a_ROI
267 68 176 165 255
L_10v_ROI
268 49 6 214 255
L_a10p_ROI
269 144 154 40 255
L_10pp_ROI
270 10 230 236 255
L_11l_ROI
271 5 61 136 255
L_13l_ROI
272 123 224 152 255
L_OFC_ROI
273 65 45 86 255
L_47s_ROI
274 38 220 16 255
L_LIPd_ROI
275 159 51 229 255
L_6a_ROI
276 155 10 41 255
L_i6-8_ROI
277 96 62 113 255
L_s6-8_ROI
278 61 84 8 255
L_43_ROI
279 102 218 27 255
L_OP4_ROI
280 115 24 188 255
L_OP1_ROI
281 165 110 179 255
L_OP2-3_ROI
282 201 151 117 255
L_52_ROI
283 129 32 24 255
L_RI_ROI
284 6 176 181 255
L_PFcm_ROI
285 44 245 23 255
L_PoI2_ROI
286 16 48 80 255
L_TA2_ROI
287 22 217 242 255
L_FOP4_ROI
288 27 152 23 255
L_MI_ROI
289 206 69 34 255
L_Pir_ROI
290 251 56 57 255
L_AVI_ROI
291 16 8 243 255
L_AAIC_ROI
292 251 68 204 255
L_FOP1_ROI
293 116 24 251 255
L_FOP3_ROI
294 172 177 157 255
L_FOP2_ROI
295 148 74 170 255
L_PFt_ROI
296 62 198 9 255
L_AIP_ROI
297 29 219 78 255
L_EC_ROI
298 81 121 111 255
L_PreS_ROI
299 160 183 103 255
L_H_ROI
300 152 90 63 255
L_ProS_ROI
301 41 181 191 255
L_PeEc_ROI
302 218 231 39 255
L_STGa_ROI
303 230 237 50 255
L_PBelt_ROI
304 34 54 52 255
L_A5_ROI
305 164 196 196 255
L_PHA1_ROI
306 197 181 90 255
L_PHA3_ROI
307 208 129 204 255
L_STSda_ROI
308 193 65 191 255
L_STSdp_ROI
309 102 76 212 255
L_STSvp_ROI
310 79 38 1 255
L_TGd_ROI
311 239 69 129 255
L_TE1a_ROI
312 31 19 90 255
L_TE1p_ROI
313 242 107 29 255
L_TE2a_ROI
314 183 174 202 255
L_TF_ROI
315 247 226 174 255
L_TE2p_ROI
316 114 208 10 255
L_PHT_ROI
317 187 119 152 255
L_PH_ROI
318 182 40 217 255
L_TPOJ1_ROI
319 24 10 73 255
L_TPOJ2_ROI
320 155 133 79 255
L_TPOJ3_ROI
321 246 126 90 255
L_DVT_ROI
322 159 89 52 255
L_PGp_ROI
323 215 157 20 255
L_IP2_ROI
324 236 243 151 255
L_IP1_ROI
325 206 189 180 255
L_IP0_ROI
326 36 187 225 255
L_PFop_ROI
327 150 140 218 255
L_PF_ROI
328 146 128 169 255
L_PFm_ROI
329 73 126 166 255
L_PGi_ROI
330 118 193 43 255
L_PGs_ROI
331 169 181 2 255
L_V6A_ROI
332 160 201 248 255
L_VMV1_ROI
333 123 1 15 255
L_VMV3_ROI
334 226 148 172 255
L_PHA2_ROI
335 168 197 252 255
L_V4t_ROI
336 160 20 76 255
L_FST_ROI
337 197 146 31 255
L_V3CD_ROI
338 191 30 128 255
L_LO3_ROI
339 91 128 96 255
L_VMV2_ROI
340 195 104 225 255
L_31pd_ROI
341 192 145 104 255
L_31a_ROI
342 127 43 110 255
L_VVC_ROI
343 204 77 174 255
L_25_ROI
344 17 40 35 255
L_s32_ROI
345 111 69 23 255
L_pOFC_ROI
346 0 117 126 255
L_PoI1_ROI
347 78 17 192 255
L_Ig_ROI
348 245 19 187 255
L_FOP5_ROI
349 153 120 150 255
L_p10p_ROI
350 21 53 172 255
L_p47r_ROI
351 53 192 77 255
L_TGv_ROI
352 146 75 154 255
L_MBelt_ROI
353 122 110 135 255
L_LBelt_ROI
354 86 94 46 255
L_A4_ROI
355 165 95 130 255
L_STSva_ROI
356 249 44 27 255
L_TE1m_ROI
357 172 93 13 255
L_PI_ROI
358 5 121 163 255
L_a32pr_ROI
359 222 189 231 255
L_p24_ROI
360 4 101 98 255
