0 ??? 1 1 1 1
1 R_V1_ROI 209 252 14 0
2 R_MST_ROI 16 170 126 0
3 R_V6_ROI 24 149 233 0
4 R_V2_ROI 184 99 120 0
5 R_V3_ROI 61 0 193 0
6 R_V4_ROI 215 250 207 0
7 R_V8_ROI 29 158 120 0
8 R_4_ROI 58 196 170 0
9 R_3b_ROI 27 195 217 0
10 R_FEF_ROI 148 188 112 0
11 R_PEF_ROI 172 7 202 0
12 R_55b_ROI 241 115 145 0
13 R_V3A_ROI 47 144 36 0
14 R_RSC_ROI 4 5 222 0
15 R_POS2_ROI 23 119 99 0
16 R_V7_ROI 236 194 121 0
17 R_IPS1_ROI 179 221 106 0
18 R_FFC_ROI 251 8 150 0
19 R_V3B_ROI 56 205 196 0
20 R_LO1_ROI 225 131 6 0
21 R_LO2_ROI 217 142 152 0
22 R_PIT_ROI 151 112 215 0
23 R_MT_ROI 162 116 158 0
24 R_A1_ROI 168 207 30 0
25 R_PSL_ROI 126 240 93 0
26 R_SFL_ROI 109 98 127 0
27 R_PCV_ROI 200 39 91 0
28 R_STV_ROI 50 42 164 0
29 R_7Pm_ROI 189 104 84 0
30 R_7m_ROI 198 152 64 0
31 R_POS1_ROI 90 119 73 0
32 R_23d_ROI 11 7 38 0
33 R_v23ab_ROI 5 253 172 0
34 R_d23ab_ROI 14 243 219 0
35 R_31pv_ROI 164 120 205 0
36 R_5m_ROI 247 249 214 0
37 R_5mv_ROI 30 223 196 0
38 R_23c_ROI 191 85 196 0
39 R_5L_ROI 221 183 20 0
40 R_24dd_ROI 169 247 114 0
41 R_24dv_ROI 198 208 109 0
42 R_7AL_ROI 100 231 114 0
43 R_SCEF_ROI 146 148 92 0
44 R_6ma_ROI 64 232 167 0
45 R_7Am_ROI 137 249 28 0
46 R_7PL_ROI 206 87 218 0
47 R_7PC_ROI 240 187 0 0
48 R_LIPv_ROI 214 255 227 0
49 R_VIP_ROI 58 173 157 0
50 R_MIP_ROI 202 210 190 0
51 R_1_ROI 160 164 86 0
52 R_2_ROI 68 253 95 0
53 R_3a_ROI 85 111 212 0
54 R_6d_ROI 223 229 99 0
55 R_6mp_ROI 123 192 24 0
56 R_6v_ROI 16 149 57 0
57 R_p24pr_ROI 224 110 121 0
58 R_33pr_ROI 253 217 202 0
59 R_a24pr_ROI 28 23 153 0
60 R_p32pr_ROI 247 250 3 0
61 R_a24_ROI 37 177 122 0
62 R_d32_ROI 5 0 254 0
63 R_8BM_ROI 81 171 145 0
64 R_p32_ROI 54 156 18 0
65 R_10r_ROI 68 141 193 0
66 R_47m_ROI 196 77 129 0
67 R_8Av_ROI 128 232 24 0
68 R_8Ad_ROI 156 20 151 0
69 R_9m_ROI 231 39 60 0
70 R_8BL_ROI 111 49 183 0
71 R_9p_ROI 28 87 119 0
72 R_10d_ROI 96 181 49 0
73 R_8C_ROI 28 251 234 0
74 R_44_ROI 239 189 241 0
75 R_45_ROI 243 154 174 0
76 R_47l_ROI 203 255 224 0
77 R_a47r_ROI 93 194 155 0
78 R_6r_ROI 88 175 202 0
79 R_IFJa_ROI 81 47 37 0
80 R_IFJp_ROI 85 79 153 0
81 R_IFSp_ROI 179 245 135 0
82 R_IFSa_ROI 95 237 34 0
83 R_p9-46v_ROI 183 55 23 0
84 R_46_ROI 41 250 35 0
85 R_a9-46v_ROI 214 74 161 0
86 R_9-46d_ROI 141 79 37 0
87 R_9a_ROI 163 198 217 0
88 R_10v_ROI 171 112 138 0
89 R_a10p_ROI 125 30 39 0
90 R_10pp_ROI 169 233 162 0
91 R_11l_ROI 213 249 161 0
92 R_13l_ROI 212 66 198 0
93 R_OFC_ROI 22 114 223 0
94 R_47s_ROI 63 42 202 0
95 R_LIPd_ROI 72 165 62 0
96 R_6a_ROI 88 175 188 0
97 R_i6-8_ROI 41 92 41 0
98 R_s6-8_ROI 151 129 172 0
99 R_43_ROI 241 232 193 0
100 R_OP4_ROI 64 17 209 0
101 R_OP1_ROI 158 170 98 0
102 R_OP2-3_ROI 85 60 11 0
103 R_52_ROI 220 210 191 0
104 R_RI_ROI 63 46 104 0
105 R_PFcm_ROI 193 116 11 0
106 R_PoI2_ROI 55 72 207 0
107 R_TA2_ROI 244 14 157 0
108 R_FOP4_ROI 137 175 19 0
109 R_MI_ROI 15 207 31 0
110 R_Pir_ROI 207 171 83 0
111 R_AVI_ROI 17 149 20 0
112 R_AAIC_ROI 139 138 101 0
113 R_FOP1_ROI 216 178 222 0
114 R_FOP3_ROI 128 232 75 0
115 R_FOP2_ROI 247 219 81 0
116 R_PFt_ROI 147 204 211 0
117 R_AIP_ROI 144 27 242 0
118 R_EC_ROI 107 133 24 0
119 R_PreS_ROI 48 38 30 0
120 R_H_ROI 248 150 111 0
121 R_ProS_ROI 223 13 94 0
122 R_PeEc_ROI 136 249 5 0
123 R_STGa_ROI 220 100 118 0
124 R_PBelt_ROI 133 153 170 0
125 R_A5_ROI 141 15 83 0
126 R_PHA1_ROI 158 108 243 0
127 R_PHA3_ROI 152 59 89 0
128 R_STSda_ROI 189 17 5 0
129 R_STSdp_ROI 233 73 61 0
130 R_STSvp_ROI 184 102 12 0
131 R_TGd_ROI 192 189 132 0
132 R_TE1a_ROI 125 54 86 0
133 R_TE1p_ROI 195 48 224 0
134 R_TE2a_ROI 22 118 209 0
135 R_TF_ROI 183 110 104 0
136 R_TE2p_ROI 173 72 116 0
137 R_PHT_ROI 61 119 142 0
138 R_PH_ROI 128 153 130 0
139 R_TPOJ1_ROI 164 159 252 0
140 R_TPOJ2_ROI 145 171 119 0
141 R_TPOJ3_ROI 128 4 181 0
142 R_DVT_ROI 93 1 193 0
143 R_PGp_ROI 50 21 31 0
144 R_IP2_ROI 123 176 145 0
145 R_IP1_ROI 255 123 8 0
146 R_IP0_ROI 171 240 34 0
147 R_PFop_ROI 117 241 212 0
148 R_PF_ROI 235 220 172 0
149 R_PFm_ROI 214 110 62 0
150 R_PGi_ROI 80 25 185 0
151 R_PGs_ROI 216 97 202 0
152 R_V6A_ROI 240 97 20 0
153 R_VMV1_ROI 178 242 240 0
154 R_VMV3_ROI 82 24 212 0
155 R_PHA2_ROI 120 211 126 0
156 R_V4t_ROI 251 131 125 0
157 R_FST_ROI 208 60 167 0
158 R_V3CD_ROI 94 81 99 0
159 R_LO3_ROI 102 35 205 0
160 R_VMV2_ROI 139 113 112 0
161 R_31pd_ROI 232 227 233 0
162 R_31a_ROI 145 104 37 0
163 R_VVC_ROI 34 144 13 0
164 R_25_ROI 178 220 9 0
165 R_s32_ROI 226 11 237 0
166 R_pOFC_ROI 35 92 0 0
167 R_PoI1_ROI 13 152 137 0
168 R_Ig_ROI 41 43 20 0
169 R_FOP5_ROI 216 0 43 0
170 R_p10p_ROI 202 1 86 0
171 R_p47r_ROI 25 23 238 0
172 R_TGv_ROI 44 51 195 0
173 R_MBelt_ROI 97 167 112 0
174 R_LBelt_ROI 126 4 36 0
175 R_A4_ROI 85 102 91 0
176 R_STSva_ROI 250 66 55 0
177 R_TE1m_ROI 241 136 147 0
178 R_PI_ROI 98 93 37 0
179 R_a32pr_ROI 156 26 90 0
180 R_p24_ROI 120 99 29 0
181 L_V1_ROI 35 64 64 0
182 L_MST_ROI 172 197 242 0
183 L_V6_ROI 59 127 55 0
184 L_V2_ROI 253 52 201 0
185 L_V3_ROI 197 65 230 0
186 L_V4_ROI 174 7 197 0
187 L_V8_ROI 67 144 99 0
188 L_4_ROI 100 51 100 0
189 L_3b_ROI 25 159 69 0
190 L_FEF_ROI 106 83 176 0
191 L_PEF_ROI 45 3 5 0
192 L_55b_ROI 75 211 78 0
193 L_V3A_ROI 208 194 31 0
194 L_RSC_ROI 206 68 165 0
195 L_POS2_ROI 67 237 222 0
196 L_V7_ROI 37 88 95 0
197 L_IPS1_ROI 64 22 43 0
198 L_FFC_ROI 92 153 145 0
199 L_V3B_ROI 136 11 47 0
200 L_LO1_ROI 170 65 76 0
201 L_LO2_ROI 217 189 233 0
202 L_PIT_ROI 21 22 106 0
203 L_MT_ROI 82 66 39 0
204 L_A1_ROI 234 106 34 0
205 L_PSL_ROI 122 94 36 0
206 L_SFL_ROI 72 159 241 0
207 L_PCV_ROI 151 99 231 0
208 L_STV_ROI 178 147 7 0
209 L_7Pm_ROI 77 201 2 0
210 L_7m_ROI 46 162 23 0
211 L_POS1_ROI 112 205 22 0
212 L_23d_ROI 236 238 115 0
213 L_v23ab_ROI 63 19 14 0
214 L_d23ab_ROI 19 143 1 0
215 L_31pv_ROI 97 80 190 0
216 L_5m_ROI 18 27 164 0
217 L_5mv_ROI 211 206 12 0
218 L_23c_ROI 134 140 48 0
219 L_5L_ROI 95 88 0 0
220 L_24dd_ROI 79 15 87 0
221 L_24dv_ROI 92 194 182 0
222 L_7AL_ROI 174 11 146 0
223 L_SCEF_ROI 26 32 106 0
224 L_6ma_ROI 82 206 2 0
225 L_7Am_ROI 124 128 212 0
226 L_7PL_ROI 95 54 102 0
227 L_7PC_ROI 146 13 10 0
228 L_LIPv_ROI 201 182 27 0
229 L_VIP_ROI 255 164 68 0
230 L_MIP_ROI 222 144 26 0
231 L_1_ROI 230 166 72 0
232 L_2_ROI 226 181 163 0
233 L_3a_ROI 204 254 253 0
234 L_6d_ROI 198 74 9 0
235 L_6mp_ROI 77 180 253 0
236 L_6v_ROI 12 222 8 0
237 L_p24pr_ROI 71 65 59 0
238 L_33pr_ROI 82 79 104 0
239 L_a24pr_ROI 125 187 230 0
240 L_p32pr_ROI 225 75 7 0
241 L_a24_ROI 162 208 39 0
242 L_d32_ROI 86 220 166 0
243 L_8BM_ROI 0 178 79 0
244 L_p32_ROI 40 232 195 0
245 L_10r_ROI 51 238 193 0
246 L_47m_ROI 176 12 250 0
247 L_8Av_ROI 160 10 169 0
248 L_8Ad_ROI 150 27 124 0
249 L_9m_ROI 234 160 185 0
250 L_8BL_ROI 139 140 206 0
251 L_9p_ROI 235 233 62 0
252 L_10d_ROI 23 75 94 0
253 L_8C_ROI 79 175 223 0
254 L_44_ROI 153 123 229 0
255 L_45_ROI 109 95 54 0
256 L_47l_ROI 209 104 66 0
257 L_a47r_ROI 19 45 35 0
258 L_6r_ROI 144 148 12 0
259 L_IFJa_ROI 41 207 223 0
260 L_IFJp_ROI 44 118 179 0
261 L_IFSp_ROI 60 229 2 0
262 L_IFSa_ROI 37 22 179 0
263 L_p9-46v_ROI 207 185 222 0
264 L_46_ROI 66 101 254 0
265 L_a9-46v_ROI 207 66 242 0
266 L_9-46d_ROI 223 230 227 0
267 L_9a_ROI 68 176 165 0
268 L_10v_ROI 49 6 214 0
269 L_a10p_ROI 144 154 40 0
270 L_10pp_ROI 10 230 236 0
271 L_11l_ROI 5 61 136 0
272 L_13l_ROI 123 224 152 0
273 L_OFC_ROI 65 45 86 0
274 L_47s_ROI 38 220 16 0
275 L_LIPd_ROI 159 51 229 0
276 L_6a_ROI 155 10 41 0
277 L_i6-8_ROI 96 62 113 0
278 L_s6-8_ROI 61 84 8 0
279 L_43_ROI 102 218 27 0
280 L_OP4_ROI 115 24 188 0
281 L_OP1_ROI 165 110 179 0
282 L_OP2-3_ROI 201 151 117 0
283 L_52_ROI 129 32 24 0
284 L_RI_ROI 6 176 181 0
285 L_PFcm_ROI 44 245 23 0
286 L_PoI2_ROI 16 48 80 0
287 L_TA2_ROI 22 217 242 0
288 L_FOP4_ROI 27 152 23 0
289 L_MI_ROI 206 69 34 0
290 L_Pir_ROI 251 56 57 0
291 L_AVI_ROI 16 8 243 0
292 L_AAIC_ROI 251 68 204 0
293 L_FOP1_ROI 116 24 251 0
294 L_FOP3_ROI 172 177 157 0
295 L_FOP2_ROI 148 74 170 0
296 L_PFt_ROI 62 198 9 0
297 L_AIP_ROI 29 219 78 0
298 L_EC_ROI 81 121 111 0
299 L_PreS_ROI 160 183 103 0
300 L_H_ROI 152 90 63 0
301 L_ProS_ROI 41 181 191 0
302 L_PeEc_ROI 218 231 39 0
303 L_STGa_ROI 230 237 50 0
304 L_PBelt_ROI 34 54 52 0
305 L_A5_ROI 164 196 196 0
306 L_PHA1_ROI 197 181 90 0
307 L_PHA3_ROI 208 129 204 0
308 L_STSda_ROI 193 65 191 0
309 L_STSdp_ROI 102 76 212 0
310 L_STSvp_ROI 79 38 1 0
311 L_TGd_ROI 239 69 129 0
312 L_TE1a_ROI 31 19 90 0
313 L_TE1p_ROI 242 107 29 0
314 L_TE2a_ROI 183 174 202 0
315 L_TF_ROI 247 226 174 0
316 L_TE2p_ROI 114 208 10 0
317 L_PHT_ROI 187 119 152 0
318 L_PH_ROI 182 40 217 0
319 L_TPOJ1_ROI 24 10 73 0
320 L_TPOJ2_ROI 155 133 79 0
321 L_TPOJ3_ROI 246 126 90 0
322 L_DVT_ROI 159 89 52 0
323 L_PGp_ROI 215 157 20 0
324 L_IP2_ROI 236 243 151 0
325 L_IP1_ROI 206 189 180 0
326 L_IP0_ROI 36 187 225 0
327 L_PFop_ROI 150 140 218 0
328 L_PF_ROI 146 128 169 0
329 L_PFm_ROI 73 126 166 0
330 L_PGi_ROI 118 193 43 0
331 L_PGs_ROI 169 181 2 0
332 L_V6A_ROI 160 201 248 0
333 L_VMV1_ROI 123 1 15 0
334 L_VMV3_ROI 226 148 172 0
335 L_PHA2_ROI 168 197 252 0
336 L_V4t_ROI 160 20 76 0
337 L_FST_ROI 197 146 31 0
338 L_V3CD_ROI 191 30 128 0
339 L_LO3_ROI 91 128 96 0
340 L_VMV2_ROI 195 104 225 0
341 L_31pd_ROI 192 145 104 0
342 L_31a_ROI 127 43 110 0
343 L_VVC_ROI 204 77 174 0
344 L_25_ROI 17 40 35 0
345 L_s32_ROI 111 69 23 0
346 L_pOFC_ROI 0 117 126 0
347 L_PoI1_ROI 78 17 192 0
348 L_Ig_ROI 245 19 187 0
349 L_FOP5_ROI 153 120 150 0
350 L_p10p_ROI 21 53 172 0
351 L_p47r_ROI 53 192 77 0
352 L_TGv_ROI 146 75 154 0
353 L_MBelt_ROI 122 110 135 0
354 L_LBelt_ROI 86 94 46 0
355 L_A4_ROI 165 95 130 0
356 L_STSva_ROI 249 44 27 0
357 L_TE1m_ROI 172 93 13 0
358 L_PI_ROI 5 121 163 0
359 L_a32pr_ROI 222 189 231 0
360 L_p24_ROI 4 101 98 0
